1872	1
1873	1
1874	1
1875	1
1876	2
1877	2
1878	2
1879	3
1880	3
1881	3
1882	5
1883	5
1884	6
1885	7
1886	7
1887	6
1888	7
1889	6
1890	6
1891	5
1892	6
1893	5
1894	6
1895	6
1896	6
1897	6
1898	6
1899	6
1900	6
1901	6
1902	8
1903	8
1904	8
1905	12
1906	14
1907	13
1908	26
1909	19
1910	26
1911	33
1912	33
1913	35
1914	30
1915	13
1916	26
1917	24
1918	17
1919	33
1920	35
1921	52
1922	65
1923	86
1924	80
1925	78
1926	84
1927	78
1928	74
1929	82
1930	97
1931	97
1932	90
1933	92
1934	103
1935	102
1936	83
1937	111
1938	129
1939	85
1940	56
1941	52
1942	56
1943	35
1944	30
1945	62
1946	90
1947	138
1948	123
1949	150
1950	133
1951	97
1952	115
1953	169
1954	149
1955	150
1956	192
1957	221
1958	165
1959	181
1960	212
1961	208
1962	228
1963	261
1964	186
1965	318
1966	312
1967	334
1968	299
1969	339
1970	316
1971	367
1972	409
1973	426
1974	344
1975	352
1976	396
1977	412
1978	335
1979	379
1980	493
1981	466
1982	379
1983	448
1984	536
1985	571
1986	390
1987	358
1988	545
1989	590
1990	433
1991	471
1992	582
1993	733
1994	568
1995	640
1996	827
1997	862
1998	692
1999	736
2000	1022
2001	1014
2002	746
2003	932
2004	1059
2005	799
2006	836
2007	974
2008	1087
2009	895
2010	849
2011	1077
2012	1009
2013	960
2014	857
2015	1001
2016	918
2017	908
2018	390
